par-text-partials-format
point-type time frequency amplitude
partials-count 83
partials-data
0 4 0.001439 0.021516
0.001439 18657.447266 0.000000 0.007689 18657.447266 0.000093 0.009016 18661.941406 0.000102 0.021516 18661.941406 0.000000
1 4 0.000838 0.020256
0.000838 18504.447266 0.000000 0.007088 18504.447266 0.000080 0.007756 18499.992188 0.000084 0.020256 18499.992188 0.000000
2 4 0.001012 0.020419
0.001012 18404.941406 0.000000 0.007262 18404.941406 0.000102 0.007919 18406.103516 0.000108 0.020419 18406.103516 0.000000
3 4 0.001821 0.021717
0.001821 17960.505859 0.000000 0.008071 17960.505859 0.000103 0.009217 17961.755859 0.000113 0.021717 17961.755859 0.000000
4 4 0.000295 0.020136
0.000295 17751.273438 0.000000 0.006545 17751.273438 0.000156 0.007636 17749.609375 0.000162 0.020136 17749.609375 0.000000
5 4 0.002412 0.025783
0.002412 17149.154297 0.000050 0.005209 17151.781250 0.000045 0.013283 17162.916016 0.000024 0.025783 17162.916016 0.000000
6 4 0.005385 0.025004
0.005385 15729.614258 0.000311 0.008398 15717.128906 0.000319 0.012504 15691.860352 0.000217 0.025004 15691.860352 0.000000
7 5 0.001668 0.025548
0.001668 14844.352539 0.000000 0.007918 14844.352539 0.000161 0.010614 14851.458008 0.000184 0.013048 14860.657227 0.000136 0.025548 14860.657227 0.000000
8 5 0.002640 0.026919
0.002640 13435.359375 0.000000 0.008890 13435.359375 0.000194 0.011328 13433.932617 0.000228 0.014419 13433.440430 0.000177 0.026919 13433.440430 0.000000
9 5 0.003856 0.038133
0.003856 13383.275391 0.000171 0.008670 13384.235352 0.000172 0.013222 13354.891602 0.000177 0.025633 13364.968750 0.000069 0.038133 13364.968750 0.000000
10 5 0.003022 0.037984
0.003022 11639.509766 0.000694 0.004395 11642.060547 0.000623 0.014301 11658.778320 0.000260 0.025484 11668.491211 0.000139 0.037984 11668.491211 0.000000
11 5 0.000169 0.025203
0.000169 11190.200195 0.000000 0.006419 11190.200195 0.001091 0.008276 11192.274414 0.001141 0.012703 11204.656250 0.000711 0.025203 11204.656250 0.000000
12 4 0.001478 0.021441
0.001478 10891.079102 0.000000 0.007728 10891.079102 0.001530 0.008941 10892.578125 0.001671 0.021441 10892.578125 0.000000
13 4 0.000316 0.020818
0.000316 10792.701172 0.000000 0.006566 10792.701172 0.002677 0.008318 10789.557617 0.002815 0.020818 10789.557617 0.000000
14 4 0.001307 0.020970
0.001307 10145.593750 0.000000 0.007557 10145.593750 0.005485 0.008470 10146.232422 0.005903 0.020970 10146.232422 0.000000
15 5 0.000540 0.025260
0.000540 9925.725586 0.000000 0.006790 9925.725586 0.001784 0.008679 9931.985352 0.001898 0.012760 9958.544922 0.001084 0.025260 9958.544922 0.000000
16 4 0.000999 0.021063
0.000999 9541.849609 0.000000 0.007249 9541.849609 0.001753 0.008563 9539.559570 0.001882 0.021063 9539.559570 0.000000
17 5 0.002580 0.041180
0.002580 8968.477539 0.002293 0.005028 8972.708008 0.002071 0.013333 8992.912109 0.000812 0.028680 8949.853516 0.000049 0.041180 8949.853516 0.000000
18 4 0.001624 0.022003
0.001624 7832.497559 0.000000 0.007874 7832.497559 0.002685 0.009503 7832.954590 0.002972 0.022003 7832.954590 0.000000
19 4 0.000860 0.020248
0.000860 7638.028320 0.000000 0.007110 7638.028320 0.002799 0.007748 7637.791992 0.002940 0.020248 7637.791992 0.000000
20 4 0.002002 0.025685
0.002002 6719.145508 0.003561 0.004033 6707.557129 0.003066 0.013185 6696.980957 0.001974 0.025685 6696.980957 0.000000
21 5 0.000903 0.025028
0.000903 6639.822266 0.000000 0.007153 6639.822266 0.008123 0.008974 6639.696777 0.008763 0.012528 6660.936035 0.004291 0.025028 6660.936035 0.000000
22 7 0.000923 0.051056
0.000923 6053.203613 0.000000 0.007173 6053.203613 0.002965 0.011311 6050.884277 0.003358 0.016019 6049.261719 0.002686 0.026170 6070.936523 0.000330 0.038556 6075.332031 0.000157 0.051056 6075.332031 0.000000
23 4 0.004561 0.025758
0.004561 5986.086426 0.001833 0.006984 5987.220215 0.001798 0.013258 6010.824707 0.000703 0.025758 6010.824707 0.000000
24 5 0.005190 0.038154
0.005190 5639.295898 0.005784 0.007404 5642.657227 0.005782 0.013335 5651.873047 0.003676 0.025654 5661.299316 0.001580 0.038154 5661.299316 0.000000
25 4 0.005040 0.025787
0.005040 5354.025879 0.005816 0.008263 5361.410156 0.005862 0.013287 5368.537109 0.004145 0.025787 5368.537109 0.000000
26 5 0.004731 0.039246
0.004731 5052.102539 0.007260 0.007691 5056.592773 0.007280 0.012838 5062.057129 0.004876 0.026746 5075.008789 0.001494 0.039246 5075.008789 0.000000
27 5 0.004071 0.041674
0.004071 4644.865234 0.002642 0.007230 4640.594238 0.002555 0.013131 4634.618164 0.001737 0.029174 4662.279297 0.000379 0.041674 4662.279297 0.000000
28 4 0.004121 0.026691
0.004121 4583.067871 0.001856 0.006169 4582.639160 0.001770 0.014191 4601.206543 0.000866 0.026691 4601.206543 0.000000
29 4 0.003092 0.025171
0.003092 4522.930664 0.001894 0.006393 4527.061523 0.001777 0.012671 4531.049805 0.001175 0.025171 4531.049805 0.000000
30 5 0.004816 0.040003
0.004816 4231.293945 0.009997 0.007484 4228.320801 0.009911 0.013012 4226.046875 0.006738 0.027503 4198.904297 0.001224 0.040003 4198.904297 0.000000
31 6 0.000454 0.038266
0.000454 4043.353516 0.000000 0.006704 4043.353516 0.010440 0.008645 4045.129883 0.011050 0.012989 4051.475342 0.007524 0.025766 4067.108643 0.001827 0.038266 4067.108643 0.000000
32 5 0.000731 0.025420
0.000731 3947.876709 0.000000 0.006981 3947.876709 0.008369 0.008746 3951.731445 0.008903 0.012920 3970.348633 0.005299 0.025420 3970.348633 0.000000
33 4 0.000290 0.020107
0.000290 3663.949707 0.000000 0.006540 3663.949707 0.013541 0.007607 3664.494385 0.014010 0.020107 3664.494385 0.000000
34 5 0.000358 0.025366
0.000358 3441.358154 0.000000 0.006608 3441.358154 0.010034 0.009516 3442.196777 0.010845 0.012866 3437.639160 0.007392 0.025366 3437.639160 0.000000
35 15 0.005198 0.165062
0.005198 3289.615234 0.008219 0.009375 3288.999756 0.008648 0.016931 3289.556641 0.006713 0.028082 3290.802490 0.004390 0.040492 3291.931152 0.002754 0.052599 3291.553711 0.001705 0.065373 3291.732910 0.001039 0.077676 3291.692139 0.000640 0.090320 3291.783936 0.000392 0.102807 3291.690430 0.000241 0.115300 3291.650635 0.000148 0.127580 3291.646484 0.000091 0.139954 3291.695313 0.000055 0.152562 3291.572021 0.000033 0.165062 3291.572021 0.000000
36 5 0.000221 0.025407
0.000221 3143.634277 0.000000 0.006471 3143.634277 0.011316 0.008600 3143.696533 0.011967 0.012907 3143.300781 0.008456 0.025407 3143.300781 0.000000
37 13 0.000018 0.125598
0.000018 3043.333252 0.000000 0.006268 3043.333252 0.004816 0.009625 3046.612793 0.005140 0.015410 3051.996338 0.003832 0.025702 3061.541016 0.002353 0.038189 3072.958496 0.001017 0.050242 3071.672607 0.000650 0.064178 3067.951660 0.000371 0.076740 3067.343506 0.000216 0.089044 3067.025146 0.000125 0.100672 3067.459473 0.000071 0.113098 3068.637939 0.000039 0.125598 3068.637939 0.000000
38 16 0.003745 0.166806
0.003745 2923.484619 0.000000 0.009995 2923.484619 0.011771 0.012592 2925.420166 0.014578 0.013218 2913.760742 0.009108 0.026471 2884.164307 0.002082 0.043192 2884.045654 0.001330 0.053888 2883.662842 0.000933 0.067501 2883.954834 0.000614 0.079401 2883.682129 0.000417 0.092104 2883.919922 0.000279 0.104401 2883.801270 0.000187 0.116975 2883.861328 0.000125 0.129467 2883.755615 0.000084 0.141905 2883.873535 0.000056 0.154306 2884.057373 0.000037 0.166806 2884.057373 0.000000
39 14 0.003731 0.152765
0.003731 2800.791748 0.008145 0.006550 2800.802979 0.007789 0.012710 2800.188477 0.005185 0.025574 2799.210205 0.002796 0.040816 2797.952881 0.001567 0.052945 2798.189453 0.000979 0.065404 2797.934082 0.000610 0.078302 2797.831787 0.000376 0.090744 2798.102539 0.000232 0.102739 2798.057617 0.000145 0.115438 2797.836914 0.000089 0.128313 2798.083008 0.000055 0.140265 2798.541992 0.000034 0.152765 2798.541992 0.000000
40 19 0.000181 0.207470
0.000181 2750.467041 0.000000 0.006431 2750.467041 0.010341 0.011965 2747.853271 0.011767 0.021576 2744.453125 0.010749 0.034423 2738.968994 0.009382 0.040033 2735.963379 0.007240 0.052164 2746.683350 0.003314 0.065678 2718.412598 0.001708 0.084259 2740.431641 0.001673 0.091771 2735.639893 0.001315 0.101236 2742.267578 0.000765 0.115077 2742.458984 0.000451 0.131961 2741.430908 0.000296 0.143612 2736.001953 0.000235 0.150291 2738.266357 0.000150 0.164096 2742.150879 0.000084 0.181214 2742.238037 0.000053 0.194970 2737.145996 0.000040 0.207470 2737.145996 0.000000
41 4 0.004753 0.037425
0.004753 2712.717285 0.007372 0.010576 2714.217529 0.007930 0.024925 2717.630859 0.007217 0.037425 2717.630859 0.000000
42 20 0.001718 0.230229
0.001718 1684.845459 0.003746 0.004829 1682.904663 0.003272 0.018735 1673.199097 0.002053 0.034106 1655.386963 0.003033 0.044345 1657.422974 0.002499 0.056829 1657.399048 0.001891 0.069290 1657.428223 0.001428 0.081826 1657.409424 0.001076 0.094315 1657.383545 0.000813 0.106858 1657.398071 0.000615 0.119431 1657.383545 0.000466 0.131920 1657.379639 0.000354 0.144434 1657.377441 0.000268 0.156945 1657.333374 0.000204 0.169344 1657.314941 0.000155 0.181648 1657.326416 0.000116 0.193768 1657.338623 0.000086 0.205722 1657.357544 0.000063 0.217729 1657.359497 0.000044 0.230229 1657.359497 0.000000
43 4 0.002003 0.031638
0.002003 1632.810669 0.005610 0.005868 1641.959961 0.005102 0.019138 1648.501343 0.003721 0.031638 1648.501343 0.000000
44 22 0.003383 0.254211
0.003383 1426.934937 0.011092 0.007268 1422.780884 0.010638 0.019118 1417.252319 0.008221 0.035133 1409.603271 0.007337 0.043994 1408.761841 0.006110 0.056902 1408.842041 0.004545 0.069249 1409.166870 0.003399 0.081357 1409.131348 0.002559 0.094151 1408.917725 0.001907 0.106969 1408.980957 0.001422 0.119181 1409.030396 0.001076 0.131506 1408.865479 0.000810 0.144148 1408.840332 0.000601 0.156566 1408.944092 0.000447 0.168899 1408.879517 0.000334 0.181423 1408.841675 0.000247 0.193719 1409.007813 0.000181 0.205682 1409.041748 0.000131 0.217738 1408.892822 0.000093 0.229818 1408.883545 0.000064 0.241711 1409.040405 0.000043 0.254211 1409.040405 0.000000
45 24 0.003105 0.264074
0.003105 1350.786377 0.000000 0.009355 1350.786377 0.049164 0.013646 1351.450073 0.062095 0.013793 1340.095825 0.032892 0.030371 1352.086914 0.043937 0.042664 1352.240601 0.030635 0.050446 1334.953979 0.004824 0.067494 1352.293091 0.014679 0.079970 1352.321289 0.010108 0.092585 1352.359497 0.006971 0.105242 1352.347290 0.004836 0.117785 1352.353394 0.003376 0.130256 1352.390503 0.002359 0.142677 1352.366211 0.001644 0.154994 1352.309326 0.001138 0.167284 1352.302490 0.000781 0.179673 1352.339355 0.000531 0.191976 1352.389160 0.000358 0.203922 1352.417480 0.000237 0.215656 1352.308350 0.000153 0.227556 1352.095825 0.000095 0.239588 1352.149170 0.000057 0.251574 1352.743042 0.000033 0.264074 1352.743042 0.000000
46 5 0.000057 0.040455
0.000057 7874.630371 0.000000 0.006307 7874.630371 0.001667 0.012833 7874.297363 0.001098 0.027955 7855.202148 0.000500 0.040455 7855.202148 0.000000
47 15 0.003265 0.180209
0.003265 1727.199463 0.004889 0.013227 1720.297852 0.002989 0.030909 1713.434692 0.001882 0.042739 1709.526245 0.001434 0.055073 1709.641113 0.000997 0.067625 1709.569458 0.000691 0.080216 1709.621460 0.000478 0.092559 1709.683350 0.000333 0.105098 1709.563843 0.000231 0.117746 1709.679565 0.000159 0.130097 1709.714355 0.000111 0.142875 1709.505859 0.000078 0.155475 1709.644653 0.000054 0.167709 1709.693726 0.000038 0.180209 1709.693726 0.000000
48 4 0.007823 0.037506
0.007823 16479.595703 0.000000 0.014073 16479.595703 0.000044 0.025006 16493.462891 0.000013 0.037506 16493.462891 0.000000
49 4 0.007586 0.038702
0.007586 12854.416992 0.000000 0.013836 12854.416992 0.000216 0.026202 12865.311523 0.000114 0.038702 12865.311523 0.000000
50 4 0.007822 0.040966
0.007822 11570.229492 0.000000 0.014072 11570.229492 0.000084 0.028466 11548.146484 0.000045 0.040966 11548.146484 0.000000
51 4 0.007407 0.043253
0.007407 10663.587891 0.000000 0.013657 10663.587891 0.000073 0.030753 10641.650391 0.000050 0.043253 10641.650391 0.000000
52 4 0.007444 0.037967
0.007444 7472.355957 0.000000 0.013694 7472.355957 0.000343 0.025467 7469.650879 0.000498 0.037967 7469.650879 0.000000
53 11 0.007990 0.126002
0.007990 3172.449463 0.000000 0.014240 3172.449463 0.005434 0.026012 3177.872803 0.003008 0.037778 3178.575928 0.001664 0.051367 3178.164063 0.000912 0.063255 3178.934082 0.000514 0.076349 3178.784180 0.000284 0.088363 3178.829834 0.000161 0.101817 3178.456543 0.000090 0.113502 3179.050537 0.000052 0.126002 3179.050537 0.000000
54 5 0.009707 0.050805
0.009707 2709.975586 0.000000 0.015957 2709.975586 0.005505 0.025032 2707.094238 0.002374 0.038305 2705.925049 0.001412 0.050805 2705.925049 0.000000
55 4 0.019407 0.062358
0.019407 10318.436523 0.000000 0.025657 10318.436523 0.000228 0.049858 10293.005859 0.000020 0.062358 10293.005859 0.000000
56 4 0.022624 0.057503
0.022624 9703.962891 0.000000 0.028874 9703.962891 0.000097 0.045003 9690.222656 0.000057 0.057503 9690.222656 0.000000
57 4 0.022523 0.056476
0.022523 9124.746094 0.000000 0.028773 9124.746094 0.000154 0.043976 9151.371094 0.000101 0.056476 9151.371094 0.000000
58 4 0.018915 0.052784
0.018915 7904.928223 0.000000 0.025165 7904.928223 0.000296 0.040284 7916.459961 0.000047 0.052784 7916.459961 0.000000
59 4 0.020102 0.056895
0.020102 6094.183105 0.000000 0.026352 6094.183105 0.000081 0.044395 6083.057129 0.000085 0.056895 6083.057129 0.000000
60 7 0.022125 0.092397
0.022125 3395.256836 0.000000 0.028375 3395.256836 0.000280 0.050290 3411.808838 0.000097 0.052474 3407.083252 0.000111 0.063945 3409.956787 0.000052 0.079897 3405.673340 0.000036 0.092397 3405.673340 0.000000
61 10 0.019152 0.130963
0.019152 2184.336670 0.000000 0.025402 2184.336670 0.000515 0.043337 2183.679688 0.000306 0.055651 2183.763184 0.000218 0.068143 2183.784180 0.000155 0.080615 2183.790039 0.000110 0.093217 2183.793213 0.000078 0.105906 2183.769775 0.000056 0.118463 2183.691650 0.000041 0.130963 2183.691650 0.000000
62 15 0.019461 0.193298
0.019461 1952.236450 0.000000 0.025711 1952.236450 0.002098 0.045316 1950.179077 0.001275 0.055675 1950.982910 0.000964 0.068051 1950.739380 0.000689 0.080999 1950.469482 0.000493 0.093726 1950.389648 0.000359 0.106146 1950.481689 0.000262 0.118510 1950.443237 0.000191 0.131024 1950.532104 0.000138 0.143425 1950.606323 0.000100 0.156121 1950.443726 0.000073 0.168626 1950.322021 0.000053 0.180798 1950.276855 0.000038 0.193298 1950.276855 0.000000
63 4 0.033963 0.052713
0.033963 1941.247437 0.000000 0.038599 1938.291870 0.000781 0.040213 1941.247437 0.000734 0.052713 1941.247437 0.000000
64 4 0.035776 0.072850
0.035776 10835.779297 0.000000 0.042026 10835.779297 0.000022 0.060350 10822.163086 0.000003 0.072850 10822.163086 0.000000
65 4 0.031980 0.063369
0.031980 9564.635742 0.000000 0.038230 9564.635742 0.000077 0.050869 9575.361328 0.000033 0.063369 9575.361328 0.000000
66 4 0.032916 0.070372
0.032916 8516.070313 0.000000 0.039166 8516.070313 0.000132 0.057872 8543.535156 0.000010 0.070372 8543.535156 0.000000
67 4 0.031451 0.063849
0.031451 8244.941406 0.000000 0.037701 8244.941406 0.000111 0.051349 8257.597656 0.000029 0.063849 8257.597656 0.000000
68 4 0.035173 0.082916
0.035173 6710.577637 0.000000 0.041423 6710.577637 0.000164 0.070416 6739.227051 0.000005 0.082916 6739.227051 0.000000
69 7 0.034063 0.102731
0.034063 3252.229248 0.000000 0.040313 3252.229248 0.000340 0.050232 3253.933838 0.000211 0.065662 3251.898193 0.000120 0.077379 3253.210938 0.000077 0.090231 3251.537354 0.000046 0.102731 3251.537354 0.000000
70 10 0.033486 0.139506
0.033486 3141.071533 0.000000 0.039736 3141.071533 0.002172 0.053146 3138.991943 0.001318 0.064042 3138.515381 0.000802 0.076560 3138.843018 0.000461 0.089018 3138.745850 0.000266 0.101890 3138.654785 0.000153 0.114129 3138.650146 0.000089 0.127006 3139.000732 0.000052 0.139506 3139.000732 0.000000
71 17 0.035679 0.233136
0.035679 146.152542 0.000000 0.041929 146.152542 0.000834 0.056487 153.468277 0.000930 0.070265 152.026459 0.000701 0.081958 152.459030 0.000542 0.092764 151.134872 0.000402 0.107077 150.156891 0.000300 0.122003 151.357422 0.000238 0.133523 152.561676 0.000202 0.145321 153.027405 0.000163 0.156111 153.474884 0.000125 0.167901 152.115509 0.000090 0.182912 151.684540 0.000067 0.195894 151.716858 0.000053 0.209067 150.343948 0.000044 0.220636 150.607132 0.000037 0.233136 150.607132 0.000000
72 4 0.044132 0.088720
0.044132 4173.562988 0.000000 0.050382 4173.562988 0.000104 0.076220 4199.402832 0.000026 0.088720 4199.402832 0.000000
73 4 0.044749 0.078620
0.044749 2743.076904 0.000000 0.050999 2743.076904 0.004097 0.066120 2742.619629 0.002441 0.078620 2742.619629 0.000000
74 10 0.045585 0.155246
0.045585 1899.825195 0.000000 0.051835 1899.825195 0.000387 0.067852 1901.670532 0.000255 0.080313 1904.425415 0.000186 0.092533 1905.682373 0.000130 0.105129 1906.159546 0.000090 0.118259 1905.773560 0.000064 0.133271 1902.960693 0.000050 0.142746 1902.456665 0.000039 0.155246 1902.456665 0.000000
75 7 0.053782 0.117514
0.053782 183.437119 0.000000 0.060032 183.437119 0.000668 0.071708 180.578201 0.000617 0.084240 179.332245 0.000519 0.093340 178.655457 0.000412 0.105014 179.306427 0.000293 0.117514 179.306427 0.000000
76 5 0.058285 0.104019
0.058285 1878.677246 0.000000 0.064535 1878.677246 0.000144 0.079597 1873.990112 0.000097 0.091519 1875.898804 0.000063 0.104019 1875.898804 0.000000
77 5 0.064076 0.102141
0.064076 1318.544189 0.000000 0.070326 1318.544189 0.000181 0.080055 1310.120483 0.000080 0.089641 1340.059326 0.002951 0.102141 1340.059326 0.000000
78 4 0.073205 0.103157
0.073205 4080.568604 0.000000 0.079455 4080.568604 0.000019 0.090657 4086.821045 0.000010 0.103157 4086.821045 0.000000
79 17 0.104541 0.293270
0.104541 15.612692 0.000000 0.110791 15.612692 0.000114 0.124080 15.265522 0.000106 0.137338 15.015002 0.000103 0.151117 15.056924 0.000106 0.164621 15.772342 0.000115 0.177326 17.237104 0.000129 0.187347 18.577881 0.000135 0.196018 18.249043 0.000123 0.206655 15.542535 0.000095 0.220734 13.176703 0.000074 0.237236 11.974551 0.000064 0.250893 12.824784 0.000065 0.265556 14.355599 0.000074 0.276514 15.674881 0.000082 0.285273 18.562702 0.000081 0.293270 22.244768 0.000067
80 4 0.107837 0.145740
0.107837 2718.694336 0.000000 0.114087 2718.694336 0.000323 0.133240 2720.177979 0.000210 0.145740 2720.177979 0.000000
81 10 0.112271 0.218102
0.112271 179.827805 0.000000 0.118521 179.827805 0.000206 0.133757 180.809799 0.000159 0.147142 180.495209 0.000135 0.158735 177.853683 0.000118 0.169399 178.598999 0.000095 0.184003 179.476318 0.000075 0.196153 180.036255 0.000062 0.205602 180.732300 0.000049 0.218102 180.732300 0.000000
82 4 0.156608 0.194814
0.156608 2719.359863 0.000000 0.162858 2719.359863 0.000061 0.182314 2719.007080 0.000037 0.194814 2719.007080 0.000000
